elecE:= 2.00eV tofRange:=( 395.9, 392.1, 388.6)ns sampleDist:=2.5mm intAng:=10deg spotSize:=60.0um aper0D:=2.5mm
BASELINE :   9.983157
V00 :   8.713084
V01 : 135.016254
V02 : 558.974852
V11 : 157.290306
V12 : 446.736987
V13 : 442.716429
V21 : 352.974908
V22 : 575.501968
V23 :   0.352035
V31 :   9.647965
V32 :   0.352035
V33 :   0.000000
