elecE:= 1.50eV tofRange:=( 269.1, 266.3, 263.7)ns sampleDist:=2.5mm intAng:=36deg spotSize:=60.0um aper0D:=2.5mm
BASELINE :  10.000000
V00 : 599.991303
V01 : 158.156269
V02 : 599.967963
V11 : 189.112665
V12 : 397.567252
V13 :   0.000000
V21 : 598.227907
V22 : 459.532062
V23 :   0.000000
V31 : 169.162874
V32 : 188.383947
V33 :   0.000000
