elecE:= 2.00eV tofRange:=( 294.6, 291.6, 288.7)ns sampleDist:=2.5mm intAng:=36deg spotSize:=60.0um aper0D:=2.5mm
BASELINE :  10.000000
V00 : 600.000000
V01 : 158.200000
V02 : 600.000000
V11 : 189.100000
V12 : 397.600000
V13 :   0.000000
V21 : 598.200000
V22 : 459.500000
V23 :   0.000000
V31 :  15.726919
V32 :  64.998329
V33 :   0.000000
