elecE:= 2.00eV tofRange:=(1005.0, 932.9, 882.8)ns sampleDist:=2.5mm intAng:=45deg spotSize:=200.0um aper0D:=2.5mm
BASELINE :   0.000000
V00 :  11.900546
V01 : 110.387618
V02 :  30.877052
V11 :  11.249487
V12 :  81.716758
V13 :   0.000000
V21 : 148.342999
V22 :  98.414391
V23 :   0.000000
V31 :   0.000000
V32 :   0.000000
V33 :   0.000000
