elecE:= 2.00eV tofRange:=( 979.2, 927.1, 889.6)ns sampleDist:=2.5mm intAng:=30deg spotSize:=****um aper0D:=2.5mm
BASELINE :   0.000000
V00 :  28.680524
V01 : 112.531067
V02 :  16.466416
V11 :   5.178110
V12 :  15.176541
V13 :   0.000000
V21 :  44.257117
V22 :  26.236298
V23 :   0.000000
V31 :  89.074222
V32 :  49.483993
V33 :   0.000000
