elecE:= 2.00eV tofRange:=( 980.4, 908.0, 856.5)ns sampleDist:=2.5mm intAng:=30deg spotSize:=200.0um aper0D:=2.5mm
BASELINE :   0.000000
V00 :   0.000000
V01 :   8.655644
V02 :   0.000000
V11 :  72.367427
V12 :  59.957876
V13 :   0.000000
V21 : 100.000000
V22 :   4.849938
V23 :   0.000000
V31 : 100.000000
V32 : 100.000000
V33 :   0.000000
