elecE:= 2.00eV tofRange:=( 377.0, 370.4, 364.3)ns sampleDist:=2.5mm intAng:=36deg spotSize:=60.0um aper0D:=2.5mm
BASELINE :   5.000000
V00 : 590.000000
V01 : 105.923235
V02 :  22.937299
V11 : 138.175512
V12 : 106.923545
V13 :   0.000000
V21 : 590.000000
V22 : 590.000000
V23 :   0.000000
V31 : 322.436249
V32 :  -6.800000
V33 :   0.000000
