elecE:= 1.5eV sampleDist:= 3.0mm intAng:=36deg spotSize:=60.0um aper0D:= 2.0mm baseline:=  0.00V
V00  :  2.000000
V01  :  5.000000
V02  : 40.000000
V11  : 18.315968
V12  : 25.430951
V13  :  8.524197
V21  :  9.231278
V22  : 13.235102
V23  :  8.524197
V31  : -5.975819
V32  : -0.346354
V33  :  8.524197
