elecE:= 2.00eV tofRange:=( 613.2, 606.4, 600.3)ns sampleDist:=2.5mm intAng:=30deg spotSize:=60.0um aper0D:=2.5mm
BASELINE :   9.962935
V00 : 218.381303
V01 : 572.022631
V02 : 112.922655
V11 :  10.533059
V12 : 430.059044
V13 : 590.745370
V21 : 378.534438
V22 : 294.250444
V23 :   6.259680
V31 :   6.192721
V32 :   6.055432
V33 :   0.000000
