elecE:= 2.00eV tofRange:=(1045.7, 936.9, 861.9)ns sampleDist:=2.5mm intAng:=30deg spotSize:=200.0um aper0D:=2.5mm
BASELINE :   0.000000
V00 :   8.744682
V01 :  59.862541
V02 :   8.618800
V11 :   1.817865
V12 :   6.301210
V13 :   0.000000
V21 :   0.000000
V22 :   0.000000
V23 :   0.000000
V31 :   0.000000
V32 :   0.000000
V33 :   0.000000
