elecE:= 2.00eV tofRange:=( 384.3, 379.5, 375.2)ns sampleDist:=2.5mm intAng:=50deg spotSize:=100.0um aper0D:=2.5mm
BASELINE :   7.033493
V00 : 164.197517
V01 : 534.525806
V02 :  91.238272
V11 : 163.673444
V12 : 520.195432
V13 : 434.334777
V21 : 133.534236
V22 : 168.520869
V23 :   0.377623
V31 :   3.810648
V32 :   8.229575
V33 :   3.271731
