elecE:= 2.00eV tofRange:=( 297.5, 294.6, 291.9)ns sampleDist:=2.5mm intAng:=40deg spotSize:=100.0um aper0D:=2.5mm
BASELINE :   8.978886
V00 : 238.936625
V01 : 488.859100
V02 :  66.054967
V11 : 507.248629
V12 : 225.281229
V13 : 199.360385
V21 : 428.811752
V22 : 358.045440
V23 :   2.320072
V31 :   7.169145
V32 :   5.510864
V33 :   9.464382
