elecE:= 2.00eV tofRange:=( 193.3, 191.7, 190.0)ns sampleDist:=2.5mm intAng:=30deg spotSize:=100.0um aper0D:=2.5mm
VBL :   0.000000
V00 :  400.00000
V01 :  108.50000
V02 :  400.00000
V03 :  400.00000
V10 :  400.00000
V11 :  486.87062
V12 :  225.04304
V13 :   80.42121
V21 :   29.94027
V22 :   30.00000
V23 :   29.26918
V31 :   21.66102
V32 :   15.23175
V33 :   14.17827
