elecE:= 2.00eV tofRange:=( 384.3, 379.5, 375.2)ns sampleDist:=2.5mm intAng:=50deg spotSize:=100.0um aper0D:=2.5mm
VBL : 0
V00 : 171.23101
V01 : 541.559299
V02 : 98.271765
V03 : 98.271765
V10 : 98.271765
V11 : 170.706937
V12 : 527.228925
V13 : 441.36827
V21 : 140.567729
V22 : 175.554362
V23 : 7.411116
V31 : 10.844141
V32 : 15.263068
V33 : 10.305224
