elecE:= 2.00eV baseToF:= 243.0ns Eres(100ps Tres):=  12.68meV sampleDist:=2.5mm intAng:=30deg spotSize:=100.0um aper0D:= 2.00mm
VBL :   0.000000
V00 :  592.18565
V01 :  167.26555
V02 :  592.18565
V03 :  592.18565
V10 :  592.18565
V11 :   25.53389
V12 :  195.57844
V13 :   98.86246
V21 :   25.21321
V22 :    9.77954
V23 :    9.77954
V31 :    9.77954
V32 :   19.72078
V33 :    9.77954
