elecE:= 2.00eV baseToF:= 544.0ns Eres(100ps Tres):=   0.92meV sampleDist:=2.5mm intAng:=30deg spotSize:= 25.0um
VBL :   0.000000
V00 :  582.02679
V01 :  133.38571
V02 :  473.49535
V03 : -129.86227
V10 :  259.23367
V11 :   64.12821
V12 :   75.08535
V13 :   36.90047
V21 :   10.00000
V22 :    2.34105
V23 :    0.00000
V31 :    0.41275
V32 :    0.77340
V33 :    0.00000
