elecE:= 2.00eV baseToF:= 745.3ns Eres(100ps Tres):=   0.45meV sampleDist:=2.5mm intAng:= 5deg spotSize:= 80.0um
VBL :  -0.466726
V00 :  464.62361
V01 :  129.70286
V02 :  464.62361
V03 :  -37.43659
V10 :  464.62361
V11 :  464.50181
V12 :  517.59187
V13 :    1.00061
V21 :    0.60716
V22 :    0.00000
V23 :    0.00000
V31 :    0.00000
V32 :    0.00398
V33 :    0.00000
