elecE:= 2.00eV baseToF:= 227.3ns Eres(100ps Tres):=  14.99meV sampleDist:=2.5mm intAng:=60deg spotSize:=100.0um aper0D:= 2.00mm
VBL :   0.000000
V00 :  599.99176
V01 :  165.32851
V02 :  599.99176
V03 :  599.99176
V10 :  599.99176
V11 :    1.86631
V12 :  298.09358
V13 :  102.68059
V21 :   50.00000
V22 :    9.99991
V23 :    9.99991
V31 :    9.99991
V32 :   39.21184
V33 :    9.99991
