elecE:= 2.00eV baseToF:= 550.8ns Eres(100ps Tres):=   0.88meV sampleDist:=2.5mm intAng:=30deg spotSize:=100.0um aper0D:= 2.00mm
VBL :   0.000000
V00 :   -0.62913
V01 :    5.30632
V02 :   42.74689
V03 :   42.74689
V10 :   42.74689
V11 :  158.47626
V12 :  190.69984
V13 :  218.32264
V21 :   21.85254
V22 :    0
V23 :    0
V31 :    0
V32 :    0
V33 :    0
