elecE:= 2.00eV baseToF:= 530.5ns Eres(100ps Tres):=   1.01meV sampleDist:=2.5mm intAng:=35deg spotSize:= 50.0um
VBL :   0.000000
V00 :   47.73190
V01 :  258.52200
V02 :   47.73190
V03 :    9.22758
V10 :   47.73190
V11 :  153.40886
V12 :  235.38558
V13 :  193.87440
V21 :    0.00551
V22 :    0.00281
V23 :    0.00000
V31 :    1.24347
V32 :    2.35941
V33 :    0.00000
