elecE:= 2.00eV baseToF:= 766.3ns Eres(100ps Tres):=   0.42meV sampleDist:=2.5mm intAng:= 3deg spotSize:= 80.0um
VBL :  -0.499839
V00 :  519.29727
V01 :  133.05698
V02 :  519.29727
V03 :  -34.67500
V10 :  519.29727
V11 :  395.08711
V12 :  549.48296
V13 :    0.47025
V21 :    0.50167
V22 :    0.00000
V23 :    0.00000
V31 :    0.00000
V32 :    0.00414
V33 :    0.00000
