elecE:= 2.00eV baseToF:= 293.7ns Eres(100ps Tres):=   5.99meV sampleDist:=2.5mm intAng:=80deg spotSize:= 50.0um
VBL :   0.000000
V00 :   74.78035
V01 :  438.05941
V02 :   91.08170
V03 :   91.08170
V10 :   91.08170
V11 :  100.43313
V12 :  483.97789
V13 :  303.09967
V21 :   84.28042
V22 :  217.14394
V23 :    4.72127
V31 :    8.25665
V32 :    7.47006
V33 :    3.72211
